   0.0000000e+00   0   2.7370479e+01
   1.0000000e+00   4.0000000e+01   2.7370479e+01
   2.0000000e+00   4.0000000e+01   2.7370479e+01
   3.0000000e+00   4.0000000e+01   2.7370479e+01
   4.0000000e+00   4.0000000e+01   2.6881720e+01
   5.0000000e+00   4.0000000e+01   2.7370479e+01
   6.0000000e+00   4.0000000e+01   2.7370479e+01
   7.0000000e+00   4.0000000e+01   2.6881720e+01
   8.0000000e+00   4.0000000e+01   2.7370479e+01
   9.0000000e+00   4.0000000e+01   2.7370479e+01
   1.0000000e+01   4.0000000e+01   2.7859238e+01
   1.1000000e+01   4.0000000e+01   2.7859238e+01
   1.2000000e+01   4.0000000e+01   2.7859238e+01
   1.3000000e+01   4.0000000e+01   2.8347996e+01
   1.4000000e+01   4.0000000e+01   2.8836755e+01
   1.5000000e+01   4.0000000e+01   2.8347996e+01
   1.6000000e+01   4.0000000e+01   2.8347996e+01
   1.7000000e+01   4.0000000e+01   2.9325513e+01
   1.8000000e+01   4.0000000e+01   2.9814272e+01
   1.9000000e+01   4.0000000e+01   2.9814272e+01
   2.0000000e+01   4.0000000e+01   2.9814272e+01
   2.1000000e+01   4.0000000e+01   3.0303030e+01
   2.2000000e+01   4.0000000e+01   3.0303030e+01
   2.3000000e+01   4.0000000e+01   3.0791789e+01
   2.4000000e+01   4.0000000e+01   3.1280547e+01
   2.5000000e+01   4.0000000e+01   3.1280547e+01
   2.6000000e+01   4.0000000e+01   3.1769306e+01
   2.7000000e+01   4.0000000e+01   3.1769306e+01
   2.8000000e+01   4.0000000e+01   3.1769306e+01
   2.9000000e+01   4.0000000e+01   3.2746823e+01
   3.0000000e+01   4.0000000e+01   3.2258065e+01
   3.1000000e+01   4.0000000e+01   3.2746823e+01
   3.2000000e+01   4.0000000e+01   3.3235582e+01
   3.3000000e+01   4.0000000e+01   3.3724340e+01
   3.4000000e+01   4.0000000e+01   3.4701857e+01
   3.5000000e+01   4.0000000e+01   3.4213099e+01
   3.6000000e+01   4.0000000e+01   3.4701857e+01
   3.7000000e+01   4.0000000e+01   3.5190616e+01
   3.8000000e+01   4.0000000e+01   3.4701857e+01
   3.9000000e+01   4.0000000e+01   3.5679374e+01
   4.0000000e+01   4.0000000e+01   3.5679374e+01
   4.1000000e+01   4.0000000e+01   3.6168133e+01
   4.2000000e+01   4.0000000e+01   3.7145650e+01
   4.3000000e+01   4.0000000e+01   3.7145650e+01
   4.4000000e+01   4.0000000e+01   3.6656891e+01
   4.5000000e+01   4.0000000e+01   3.7634409e+01
   4.6000000e+01   4.0000000e+01   3.7634409e+01
   4.7000000e+01   4.0000000e+01   3.8611926e+01
   4.8000000e+01   4.0000000e+01   3.8611926e+01
   4.9000000e+01   4.0000000e+01   3.9100684e+01
   5.0000000e+01   4.0000000e+01   3.9100684e+01
   5.1000000e+01   4.0000000e+01   3.8611926e+01
   5.2000000e+01   4.0000000e+01   3.9589443e+01
   5.3000000e+01   4.0000000e+01   3.9100684e+01
   5.4000000e+01   4.0000000e+01   4.0078201e+01
   5.5000000e+01   4.0000000e+01   4.0078201e+01
   5.6000000e+01   4.0000000e+01   4.1055718e+01
   5.7000000e+01   4.0000000e+01   4.0566960e+01
   5.8000000e+01   4.0000000e+01   4.0566960e+01
   5.9000000e+01   4.0000000e+01   4.1055718e+01
   6.0000000e+01   4.0000000e+01   4.1544477e+01
   6.1000000e+01   4.0000000e+01   4.1544477e+01
   6.2000000e+01   4.0000000e+01   4.2033236e+01
   6.3000000e+01   4.0000000e+01   4.2521994e+01
   6.4000000e+01   4.0000000e+01   4.3010753e+01
   6.5000000e+01   4.0000000e+01   4.3010753e+01
   6.6000000e+01   4.0000000e+01   4.2521994e+01
   6.7000000e+01   4.0000000e+01   4.3499511e+01
   6.8000000e+01   4.0000000e+01   4.3499511e+01
   6.9000000e+01   4.0000000e+01   4.3988270e+01
   7.0000000e+01   4.0000000e+01   4.3988270e+01
   7.1000000e+01   4.0000000e+01   4.4965787e+01
   7.2000000e+01   4.0000000e+01   4.4965787e+01
   7.3000000e+01   4.0000000e+01   4.4477028e+01
   7.4000000e+01   4.0000000e+01   4.5454545e+01
   7.5000000e+01   4.0000000e+01   4.4965787e+01
   7.6000000e+01   4.0000000e+01   4.5943304e+01
   7.7000000e+01   4.0000000e+01   4.5943304e+01
   7.8000000e+01   4.0000000e+01   4.6432063e+01
   7.9000000e+01   4.0000000e+01   4.5943304e+01
   8.0000000e+01   4.0000000e+01   4.6920821e+01
   8.1000000e+01   4.0000000e+01   4.6432063e+01
   8.2000000e+01   4.0000000e+01   4.7409580e+01
   8.3000000e+01   4.0000000e+01   4.6920821e+01
   8.4000000e+01   4.0000000e+01   4.7898338e+01
   8.5000000e+01   4.0000000e+01   4.7898338e+01
   8.6000000e+01   4.0000000e+01   4.7898338e+01
   8.7000000e+01   4.0000000e+01   4.8387097e+01
   8.8000000e+01   4.0000000e+01   4.8387097e+01
   8.9000000e+01   4.0000000e+01   4.7898338e+01
   9.0000000e+01   4.0000000e+01   4.8875855e+01
   9.1000000e+01   4.0000000e+01   4.9364614e+01
   9.2000000e+01   4.0000000e+01   4.8875855e+01
   9.3000000e+01   4.0000000e+01   4.9364614e+01
   9.4000000e+01   4.0000000e+01   4.9853372e+01
   9.5000000e+01   4.0000000e+01   4.9853372e+01
   9.6000000e+01   4.0000000e+01   5.0342131e+01
   9.7000000e+01   4.0000000e+01   4.9853372e+01
   9.8000000e+01   4.0000000e+01   5.0830890e+01
   9.9000000e+01   4.0000000e+01   5.0342131e+01
   1.0000000e+02   4.0000000e+01   5.1319648e+01
   1.0100000e+02   4.0000000e+01   5.0830890e+01
   1.0200000e+02   4.0000000e+01   5.1319648e+01
   1.0300000e+02   4.0000000e+01   5.1808407e+01
   1.0400000e+02   4.0000000e+01   5.1808407e+01
   1.0500000e+02   4.0000000e+01   5.1808407e+01
   1.0600000e+02   4.0000000e+01   5.2297165e+01
   1.0700000e+02   4.0000000e+01   5.2785924e+01
   1.0800000e+02   4.0000000e+01   5.2785924e+01
   1.0900000e+02   4.0000000e+01   5.3274682e+01
   1.1000000e+02   4.0000000e+01   5.2785924e+01
   1.1100000e+02   4.0000000e+01   5.3274682e+01
   1.1200000e+02   4.0000000e+01   5.2785924e+01
   1.1300000e+02   4.0000000e+01   5.3274682e+01
   1.1400000e+02   4.0000000e+01   5.3274682e+01
   1.1500000e+02   4.0000000e+01   5.3274682e+01
   1.1600000e+02   4.0000000e+01   5.4252199e+01
   1.1700000e+02   4.0000000e+01   5.3763441e+01
   1.1800000e+02   4.0000000e+01   5.3763441e+01
   1.1900000e+02   4.0000000e+01   5.4252199e+01
   1.2000000e+02   4.0000000e+01   5.4252199e+01
   1.2100000e+02   4.0000000e+01   5.4740958e+01
   1.2200000e+02   4.0000000e+01   5.4252199e+01
   1.2300000e+02   4.0000000e+01   5.4740958e+01
   1.2400000e+02   4.0000000e+01   5.5229717e+01
   1.2500000e+02   4.0000000e+01   5.5229717e+01
   1.2600000e+02   4.0000000e+01   5.5229717e+01
   1.2700000e+02   4.0000000e+01   5.5229717e+01
   1.2800000e+02   4.0000000e+01   5.5718475e+01
   1.2900000e+02   4.0000000e+01   5.5718475e+01
   1.3000000e+02   4.0000000e+01   5.6207234e+01
   1.3100000e+02   4.0000000e+01   5.5718475e+01
   1.3200000e+02   4.0000000e+01   5.6207234e+01
   1.3300000e+02   4.0000000e+01   5.6207234e+01
   1.3400000e+02   4.0000000e+01   5.6207234e+01
   1.3500000e+02   4.0000000e+01   5.6207234e+01
   1.3600000e+02   4.0000000e+01   5.6695992e+01
   1.3700000e+02   4.0000000e+01   5.6695992e+01
   1.3800000e+02   4.0000000e+01   5.7184751e+01
   1.3900000e+02   4.0000000e+01   5.6695992e+01
   1.4000000e+02   4.0000000e+01   5.8162268e+01
   1.4100000e+02   4.0000000e+01   5.7184751e+01
   1.4200000e+02   4.0000000e+01   5.8162268e+01
   1.4300000e+02   4.0000000e+01   5.8162268e+01
   1.4400000e+02   4.0000000e+01   5.8651026e+01
   1.4500000e+02   4.0000000e+01   5.8162268e+01
   1.4600000e+02   4.0000000e+01   5.8651026e+01
   1.4700000e+02   4.0000000e+01   5.8651026e+01
   1.4800000e+02   4.0000000e+01   5.8651026e+01
   1.4900000e+02   4.0000000e+01   5.9139785e+01
   1.5000000e+02   4.0000000e+01   5.8162268e+01
   1.5100000e+02   4.0000000e+01   5.9139785e+01
   1.5200000e+02   4.0000000e+01   5.9139785e+01
   1.5300000e+02   4.0000000e+01   5.9628543e+01
   1.5400000e+02   4.0000000e+01   5.9628543e+01
   1.5500000e+02   4.0000000e+01   5.9628543e+01
   1.5600000e+02   4.0000000e+01   5.9628543e+01
   1.5700000e+02   4.0000000e+01   6.0117302e+01
   1.5800000e+02   4.0000000e+01   5.9628543e+01
   1.5900000e+02   4.0000000e+01   6.0117302e+01
   1.6000000e+02   4.0000000e+01   6.1094819e+01
   1.6100000e+02   4.0000000e+01   6.0117302e+01
   1.6200000e+02   4.0000000e+01   6.1094819e+01
   1.6300000e+02   4.0000000e+01   6.1094819e+01
   1.6400000e+02   4.0000000e+01   6.0606061e+01
   1.6500000e+02   4.0000000e+01   6.0606061e+01
   1.6600000e+02   4.0000000e+01   6.0606061e+01
   1.6700000e+02   4.0000000e+01   6.1583578e+01
   1.6800000e+02   4.0000000e+01   6.1583578e+01
   1.6900000e+02   4.0000000e+01   6.2072336e+01
   1.7000000e+02   4.0000000e+01   6.2072336e+01
   1.7100000e+02   4.0000000e+01   6.1583578e+01
   1.7200000e+02   4.0000000e+01   6.1583578e+01
   1.7300000e+02   4.0000000e+01   6.2072336e+01
   1.7400000e+02   4.0000000e+01   6.2561095e+01
   1.7500000e+02   4.0000000e+01   6.2561095e+01
   1.7600000e+02   4.0000000e+01   6.2561095e+01
   1.7700000e+02   4.0000000e+01   6.3049853e+01
   1.7800000e+02   4.0000000e+01   6.3049853e+01
   1.7900000e+02   4.0000000e+01   6.3049853e+01
   1.8000000e+02   4.0000000e+01   6.3049853e+01
   1.8100000e+02   4.0000000e+01   6.3049853e+01
   1.8200000e+02   4.0000000e+01   6.2561095e+01
   1.8300000e+02   4.0000000e+01   6.3049853e+01
   1.8400000e+02   4.0000000e+01   6.3049853e+01
   1.8500000e+02   4.0000000e+01   6.3538612e+01
   1.8600000e+02   4.0000000e+01   6.3049853e+01
   1.8700000e+02   4.0000000e+01   6.2561095e+01
   1.8800000e+02   4.0000000e+01   6.4027370e+01
   1.8900000e+02   4.0000000e+01   6.3538612e+01
   1.9000000e+02   4.0000000e+01   6.3538612e+01
   1.9100000e+02   4.0000000e+01   6.3538612e+01
   1.9200000e+02   4.0000000e+01   6.4027370e+01
   1.9300000e+02   4.0000000e+01   6.4027370e+01
   1.9400000e+02   4.0000000e+01   6.4027370e+01
   1.9500000e+02   4.0000000e+01   6.4027370e+01
   1.9600000e+02   4.0000000e+01   6.3538612e+01
   1.9700000e+02   4.0000000e+01   6.4516129e+01
   1.9800000e+02   4.0000000e+01   6.4516129e+01
   1.9900000e+02   4.0000000e+01   6.3538612e+01
   2.0000000e+02   4.0000000e+01   6.4027370e+01
   2.0100000e+02   4.0000000e+01   6.4516129e+01
   2.0200000e+02   4.0000000e+01   6.5004888e+01
   2.0300000e+02   4.0000000e+01   6.4516129e+01
   2.0400000e+02   4.0000000e+01   6.5004888e+01
   2.0500000e+02   4.0000000e+01   6.5004888e+01
   2.0600000e+02   4.0000000e+01   6.5493646e+01
   2.0700000e+02   4.0000000e+01   6.5004888e+01
   2.0800000e+02   4.0000000e+01   6.5493646e+01
   2.0900000e+02   4.0000000e+01   6.5004888e+01
   2.1000000e+02   4.0000000e+01   6.5004888e+01
   2.1100000e+02   4.0000000e+01   6.6471163e+01
   2.1200000e+02   4.0000000e+01   6.5493646e+01
   2.1300000e+02   4.0000000e+01   6.5493646e+01
   2.1400000e+02   4.0000000e+01   6.5982405e+01
   2.1500000e+02   4.0000000e+01   6.6471163e+01
   2.1600000e+02   4.0000000e+01   6.6471163e+01
   2.1700000e+02   4.0000000e+01   6.6471163e+01
   2.1800000e+02   4.0000000e+01   6.6471163e+01
   2.1900000e+02   4.0000000e+01   6.6471163e+01
   2.2000000e+02   4.0000000e+01   6.5982405e+01
   2.2100000e+02   4.0000000e+01   6.6959922e+01
   2.2200000e+02   4.0000000e+01   6.5982405e+01
   2.2300000e+02   4.0000000e+01   6.7448680e+01
   2.2400000e+02   4.0000000e+01   6.5982405e+01
   2.2500000e+02   4.0000000e+01   6.6959922e+01
   2.2600000e+02   4.0000000e+01   6.6959922e+01
   2.2700000e+02   4.0000000e+01   6.6471163e+01
   2.2800000e+02   4.0000000e+01   6.6959922e+01
   2.2900000e+02   4.0000000e+01   6.6959922e+01
   2.3000000e+02   4.0000000e+01   6.6959922e+01
   2.3100000e+02   4.0000000e+01   6.6959922e+01
   2.3200000e+02   4.0000000e+01   6.7448680e+01
   2.3300000e+02   4.0000000e+01   6.6959922e+01
   2.3400000e+02   4.0000000e+01   6.7937439e+01
   2.3500000e+02   4.0000000e+01   6.7937439e+01
   2.3600000e+02   4.0000000e+01   6.7937439e+01
   2.3700000e+02   4.0000000e+01   6.7937439e+01
   2.3800000e+02   4.0000000e+01   6.7937439e+01
   2.3900000e+02   4.0000000e+01   6.7937439e+01
   2.4000000e+02   4.0000000e+01   6.7937439e+01
   2.4100000e+02   4.0000000e+01   6.7448680e+01
   2.4200000e+02   4.0000000e+01   6.7937439e+01
   2.4300000e+02   4.0000000e+01   6.7937439e+01
   2.4400000e+02   4.0000000e+01   6.8426197e+01
   2.4500000e+02   4.0000000e+01   6.7937439e+01
   2.4600000e+02   4.0000000e+01   6.7937439e+01
   2.4700000e+02   4.0000000e+01   6.8426197e+01
   2.4800000e+02   4.0000000e+01   6.7937439e+01
   2.4900000e+02   4.0000000e+01   6.7937439e+01
   2.5000000e+02   4.0000000e+01   6.8914956e+01
   2.5100000e+02   4.0000000e+01   6.8914956e+01
   2.5200000e+02   4.0000000e+01   6.8426197e+01
   2.5300000e+02   4.0000000e+01   6.8426197e+01
   2.5400000e+02   4.0000000e+01   6.8914956e+01
   2.5500000e+02   4.0000000e+01   6.8914956e+01
   2.5600000e+02   4.0000000e+01   6.8914956e+01
   2.5700000e+02   4.0000000e+01   6.7937439e+01
   2.5800000e+02   4.0000000e+01   6.8426197e+01
   2.5900000e+02   4.0000000e+01   6.8426197e+01
   2.6000000e+02   4.0000000e+01   6.7937439e+01
   2.6100000e+02   4.0000000e+01   6.8426197e+01
   2.6200000e+02   4.0000000e+01   6.8914956e+01
   2.6300000e+02   4.0000000e+01   6.8426197e+01
   2.6400000e+02   4.0000000e+01   6.7937439e+01
   2.6500000e+02   4.0000000e+01   6.8426197e+01
   2.6600000e+02   4.0000000e+01   6.8426197e+01
   2.6700000e+02   4.0000000e+01   6.8426197e+01
   2.6800000e+02   4.0000000e+01   6.8914956e+01
   2.6900000e+02   4.0000000e+01   6.8426197e+01
   2.7000000e+02   4.0000000e+01   6.8914956e+01
   2.7100000e+02   4.0000000e+01   6.8914956e+01
   2.7200000e+02   4.0000000e+01   6.8914956e+01
   2.7300000e+02   4.0000000e+01   6.8914956e+01
   2.7400000e+02   4.0000000e+01   6.9403715e+01
   2.7500000e+02   4.0000000e+01   6.9403715e+01
   2.7600000e+02   4.0000000e+01   6.9403715e+01
   2.7700000e+02   4.0000000e+01   6.9403715e+01
   2.7800000e+02   4.0000000e+01   6.9892473e+01
   2.7900000e+02   4.0000000e+01   6.9892473e+01
   2.8000000e+02   4.0000000e+01   6.9403715e+01
   2.8100000e+02   4.0000000e+01   7.0381232e+01
   2.8200000e+02   4.0000000e+01   6.9403715e+01
   2.8300000e+02   4.0000000e+01   7.0381232e+01
   2.8400000e+02   4.0000000e+01   7.0381232e+01
   2.8500000e+02   4.0000000e+01   6.9403715e+01
   2.8600000e+02   4.0000000e+01   7.0381232e+01
   2.8700000e+02   4.0000000e+01   6.9403715e+01
   2.8800000e+02   4.0000000e+01   6.9892473e+01
   2.8900000e+02   4.0000000e+01   7.0381232e+01
   2.9000000e+02   4.0000000e+01   7.0381232e+01
   2.9100000e+02   4.0000000e+01   6.9892473e+01
   2.9200000e+02   4.0000000e+01   6.9892473e+01
   2.9300000e+02   4.0000000e+01   7.0381232e+01
   2.9400000e+02   4.0000000e+01   7.0381232e+01
   2.9500000e+02   4.0000000e+01   6.9892473e+01
   2.9600000e+02   4.0000000e+01   6.9403715e+01
   2.9700000e+02   4.0000000e+01   6.9403715e+01
   2.9800000e+02   4.0000000e+01   7.0381232e+01
   2.9900000e+02   4.0000000e+01   7.0381232e+01
   3.0000000e+02   4.0000000e+01   6.9892473e+01
   3.0100000e+02   4.0000000e+01   6.9892473e+01
   3.0200000e+02   4.0000000e+01   7.0869990e+01
   3.0300000e+02   4.0000000e+01   7.0381232e+01
   3.0400000e+02   4.0000000e+01   7.0381232e+01
   3.0500000e+02   4.0000000e+01   7.0381232e+01
   3.0600000e+02   4.0000000e+01   6.9892473e+01
   3.0700000e+02   4.0000000e+01   7.0381232e+01
   3.0800000e+02   4.0000000e+01   7.0869990e+01
   3.0900000e+02   4.0000000e+01   6.9892473e+01
   3.1000000e+02   4.0000000e+01   7.0381232e+01
   3.1100000e+02   4.0000000e+01   7.0869990e+01
   3.1200000e+02   4.0000000e+01   7.0381232e+01
   3.1300000e+02   4.0000000e+01   7.0869990e+01
   3.1400000e+02   4.0000000e+01   7.0381232e+01
   3.1500000e+02   4.0000000e+01   6.9892473e+01
   3.1600000e+02   4.0000000e+01   7.0869990e+01
   3.1700000e+02   4.0000000e+01   6.9892473e+01
   3.1800000e+02   4.0000000e+01   7.0869990e+01
   3.1900000e+02   4.0000000e+01   7.0381232e+01
   3.2000000e+02   4.0000000e+01   7.0869990e+01
   3.2100000e+02   4.0000000e+01   7.0869990e+01
   3.2200000e+02   4.0000000e+01   7.0381232e+01
   3.2300000e+02   4.0000000e+01   7.0381232e+01
   3.2400000e+02   4.0000000e+01   7.0869990e+01
   3.2500000e+02   4.0000000e+01   7.0869990e+01
   3.2600000e+02   4.0000000e+01   7.0869990e+01
   3.2700000e+02   4.0000000e+01   7.0869990e+01
   3.2800000e+02   4.0000000e+01   7.0869990e+01
   3.2900000e+02   4.0000000e+01   7.0381232e+01
   3.3000000e+02   4.0000000e+01   7.0381232e+01
   3.3100000e+02   4.0000000e+01   7.0381232e+01
   3.3200000e+02   4.0000000e+01   7.1358749e+01
   3.3300000e+02   4.0000000e+01   7.0869990e+01
   3.3400000e+02   4.0000000e+01   7.1358749e+01
   3.3500000e+02   4.0000000e+01   7.1358749e+01
   3.3600000e+02   4.0000000e+01   7.1358749e+01
   3.3700000e+02   4.0000000e+01   7.0869990e+01
   3.3800000e+02   4.0000000e+01   7.1358749e+01
   3.3900000e+02   4.0000000e+01   7.1358749e+01
   3.4000000e+02   4.0000000e+01   7.0869990e+01
   3.4100000e+02   4.0000000e+01   7.1358749e+01
   3.4200000e+02   4.0000000e+01   7.1847507e+01
   3.4300000e+02   4.0000000e+01   7.1847507e+01
   3.4400000e+02   4.0000000e+01   7.0869990e+01
   3.4500000e+02   4.0000000e+01   7.1358749e+01
   3.4600000e+02   4.0000000e+01   7.1358749e+01
   3.4700000e+02   4.0000000e+01   7.1358749e+01
   3.4800000e+02   4.0000000e+01   7.1358749e+01
   3.4900000e+02   4.0000000e+01   7.1358749e+01
   3.5000000e+02   4.0000000e+01   7.1358749e+01
   3.5100000e+02   4.0000000e+01   7.1847507e+01
   3.5200000e+02   4.0000000e+01   7.1847507e+01
   3.5300000e+02   4.0000000e+01   7.1358749e+01
   3.5400000e+02   4.0000000e+01   7.1847507e+01
   3.5500000e+02   4.0000000e+01   7.1358749e+01
   3.5600000e+02   4.0000000e+01   7.1847507e+01
   3.5700000e+02   4.0000000e+01   7.2336266e+01
   3.5800000e+02   4.0000000e+01   7.2336266e+01
   3.5900000e+02   4.0000000e+01   7.1847507e+01
   3.6000000e+02   4.0000000e+01   7.1847507e+01
   3.6100000e+02   4.0000000e+01   7.1847507e+01
   3.6200000e+02   4.0000000e+01   7.2336266e+01
   3.6300000e+02   4.0000000e+01   7.2825024e+01
   3.6400000e+02   4.0000000e+01   7.2336266e+01
   3.6500000e+02   4.0000000e+01   7.2825024e+01
   3.6600000e+02   4.0000000e+01   7.2336266e+01
   3.6700000e+02   4.0000000e+01   7.2336266e+01
   3.6800000e+02   4.0000000e+01   7.2336266e+01
   3.6900000e+02   4.0000000e+01   7.2825024e+01
   3.7000000e+02   4.0000000e+01   7.2825024e+01
   3.7100000e+02   4.0000000e+01   7.2825024e+01
   3.7200000e+02   4.0000000e+01   7.2336266e+01
   3.7300000e+02   4.0000000e+01   7.2825024e+01
   3.7400000e+02   4.0000000e+01   7.2336266e+01
   3.7500000e+02   4.0000000e+01   7.2336266e+01
   3.7600000e+02   4.0000000e+01   7.2336266e+01
   3.7700000e+02   4.0000000e+01   7.2825024e+01
   3.7800000e+02   4.0000000e+01   7.2825024e+01
   3.7900000e+02   4.0000000e+01   7.2825024e+01
   3.8000000e+02   4.0000000e+01   7.2825024e+01
   3.8100000e+02   4.0000000e+01   7.2825024e+01
   3.8200000e+02   4.0000000e+01   7.2336266e+01
   3.8300000e+02   4.0000000e+01   7.2825024e+01
   3.8400000e+02   4.0000000e+01   7.3313783e+01
   3.8500000e+02   4.0000000e+01   7.3802542e+01
   3.8600000e+02   4.0000000e+01   7.3313783e+01
   3.8700000e+02   4.0000000e+01   7.2825024e+01
   3.8800000e+02   4.0000000e+01   7.3802542e+01
   3.8900000e+02   4.0000000e+01   7.3313783e+01
   3.9000000e+02   4.0000000e+01   7.3802542e+01
   3.9100000e+02   4.0000000e+01   7.2825024e+01
   3.9200000e+02   4.0000000e+01   7.3313783e+01
   3.9300000e+02   4.0000000e+01   7.2825024e+01
   3.9400000e+02   4.0000000e+01   7.3802542e+01
   3.9500000e+02   4.0000000e+01   7.3802542e+01
   3.9600000e+02   4.0000000e+01   7.3313783e+01
   3.9700000e+02   4.0000000e+01   7.3802542e+01
   3.9800000e+02   4.0000000e+01   7.3313783e+01
   3.9900000e+02   4.0000000e+01   7.3313783e+01
   4.0000000e+02   4.0000000e+01   7.3802542e+01
   4.0100000e+02   4.0000000e+01   7.3802542e+01
   4.0200000e+02   4.0000000e+01   7.3802542e+01
   4.0300000e+02   4.0000000e+01   7.3313783e+01
   4.0400000e+02   4.0000000e+01   7.3802542e+01
   4.0500000e+02   4.0000000e+01   7.3313783e+01
   4.0600000e+02   4.0000000e+01   7.2825024e+01
   4.0700000e+02   4.0000000e+01   7.3313783e+01
   4.0800000e+02   4.0000000e+01   7.4291300e+01
   4.0900000e+02   4.0000000e+01   7.3313783e+01
   4.1000000e+02   4.0000000e+01   7.4291300e+01
   4.1100000e+02   4.0000000e+01   7.3313783e+01
   4.1200000e+02   4.0000000e+01   7.3313783e+01
   4.1300000e+02   4.0000000e+01   7.3313783e+01
   4.1400000e+02   4.0000000e+01   7.3802542e+01
   4.1500000e+02   4.0000000e+01   7.2825024e+01
   4.1600000e+02   4.0000000e+01   7.3313783e+01
   4.1700000e+02   4.0000000e+01   7.3313783e+01
   4.1800000e+02   4.0000000e+01   7.2825024e+01
   4.1900000e+02   4.0000000e+01   7.3313783e+01
   4.2000000e+02   4.0000000e+01   7.2825024e+01
   4.2100000e+02   4.0000000e+01   7.2336266e+01
   4.2200000e+02   4.0000000e+01   7.3313783e+01
   4.2300000e+02   4.0000000e+01   7.2825024e+01
   4.2400000e+02   4.0000000e+01   7.3313783e+01
   4.2500000e+02   4.0000000e+01   7.2825024e+01
   4.2600000e+02   4.0000000e+01   7.3313783e+01
   4.2700000e+02   4.0000000e+01   7.3313783e+01
   4.2800000e+02   4.0000000e+01   7.3313783e+01
   4.2900000e+02   4.0000000e+01   7.3802542e+01
   4.3000000e+02   4.0000000e+01   7.2336266e+01
   4.3100000e+02   4.0000000e+01   7.2825024e+01
   4.3200000e+02   4.0000000e+01   7.3313783e+01
   4.3300000e+02   4.0000000e+01   7.3313783e+01
   4.3400000e+02   4.0000000e+01   7.3313783e+01
   4.3500000e+02   4.0000000e+01   7.2825024e+01
   4.3600000e+02   4.0000000e+01   7.3313783e+01
   4.3700000e+02   4.0000000e+01   7.3313783e+01
   4.3800000e+02   4.0000000e+01   7.3313783e+01
   4.3900000e+02   4.0000000e+01   7.3313783e+01
   4.4000000e+02   4.0000000e+01   7.2825024e+01
   4.4100000e+02   4.0000000e+01   7.4291300e+01
   4.4200000e+02   4.0000000e+01   7.3802542e+01
   4.4300000e+02   4.0000000e+01   7.3313783e+01
   4.4400000e+02   4.0000000e+01   7.3313783e+01
   4.4500000e+02   4.0000000e+01   7.3313783e+01
   4.4600000e+02   4.0000000e+01   7.3313783e+01
   4.4700000e+02   4.0000000e+01   7.3802542e+01
   4.4800000e+02   4.0000000e+01   7.3802542e+01
   4.4900000e+02   4.0000000e+01   7.3313783e+01
   4.5000000e+02   4.0000000e+01   7.3313783e+01
   4.5100000e+02   4.0000000e+01   7.3313783e+01
   4.5200000e+02   4.0000000e+01   7.3802542e+01
   4.5300000e+02   4.0000000e+01   7.3313783e+01
   4.5400000e+02   4.0000000e+01   7.3802542e+01
   4.5500000e+02   4.0000000e+01   7.4291300e+01
   4.5600000e+02   4.0000000e+01   7.3802542e+01
   4.5700000e+02   4.0000000e+01   7.4291300e+01
   4.5800000e+02   4.0000000e+01   7.3802542e+01
   4.5900000e+02   4.0000000e+01   7.4291300e+01
   4.6000000e+02   4.0000000e+01   7.3313783e+01
   4.6100000e+02   4.0000000e+01   7.4291300e+01
   4.6200000e+02   4.0000000e+01   7.3802542e+01
   4.6300000e+02   4.0000000e+01   7.4291300e+01
   4.6400000e+02   4.0000000e+01   7.4291300e+01
   4.6500000e+02   4.0000000e+01   7.3802542e+01
   4.6600000e+02   4.0000000e+01   7.4291300e+01
   4.6700000e+02   4.0000000e+01   7.3802542e+01
   4.6800000e+02   4.0000000e+01   7.3802542e+01
   4.6900000e+02   4.0000000e+01   7.3802542e+01
   4.7000000e+02   4.0000000e+01   7.3802542e+01
   4.7100000e+02   4.0000000e+01   7.4291300e+01
   4.7200000e+02   4.0000000e+01   7.3802542e+01
   4.7300000e+02   4.0000000e+01   7.4291300e+01
   4.7400000e+02   4.0000000e+01   7.3802542e+01
   4.7500000e+02   4.0000000e+01   7.4291300e+01
   4.7600000e+02   4.0000000e+01   7.3802542e+01
   4.7700000e+02   4.0000000e+01   7.3313783e+01
   4.7800000e+02   4.0000000e+01   7.3313783e+01
   4.7900000e+02   4.0000000e+01   7.3313783e+01
   4.8000000e+02   4.0000000e+01   7.4291300e+01
   4.8100000e+02   4.0000000e+01   7.4291300e+01
   4.8200000e+02   4.0000000e+01   7.4291300e+01
   4.8300000e+02   4.0000000e+01   7.4291300e+01
   4.8400000e+02   4.0000000e+01   7.3802542e+01
   4.8500000e+02   4.0000000e+01   7.4291300e+01
   4.8600000e+02   4.0000000e+01   7.3802542e+01
   4.8700000e+02   4.0000000e+01   7.3802542e+01
   4.8800000e+02   4.0000000e+01   7.4291300e+01
   4.8900000e+02   4.0000000e+01   7.4291300e+01
   4.9000000e+02   4.0000000e+01   7.3802542e+01
   4.9100000e+02   4.0000000e+01   7.4291300e+01
   4.9200000e+02   4.0000000e+01   7.4291300e+01
   4.9300000e+02   4.0000000e+01   7.3802542e+01
   4.9400000e+02   4.0000000e+01   7.4291300e+01
   4.9500000e+02   4.0000000e+01   7.4291300e+01
   4.9600000e+02   4.0000000e+01   7.4291300e+01
   4.9700000e+02   4.0000000e+01   7.3802542e+01
   4.9800000e+02   4.0000000e+01   7.4780059e+01
   4.9900000e+02   4.0000000e+01   7.4291300e+01
   5.0000000e+02   4.0000000e+01   7.4291300e+01
   5.0100000e+02   4.0000000e+01   7.4780059e+01
   5.0200000e+02   4.0000000e+01   7.4291300e+01
   5.0300000e+02   4.0000000e+01   7.4291300e+01
   5.0400000e+02   4.0000000e+01   7.3802542e+01
   5.0500000e+02   4.0000000e+01   7.4291300e+01
   5.0600000e+02   4.0000000e+01   7.4291300e+01
   5.0700000e+02   4.0000000e+01   7.4291300e+01
   5.0800000e+02   4.0000000e+01   7.3802542e+01
   5.0900000e+02   4.0000000e+01   7.4291300e+01
   5.1000000e+02   4.0000000e+01   7.4780059e+01
   5.1100000e+02   4.0000000e+01   7.4291300e+01
   5.1200000e+02   4.0000000e+01   7.3802542e+01
   5.1300000e+02   4.0000000e+01   7.3802542e+01
   5.1400000e+02   4.0000000e+01   7.4291300e+01
   5.1500000e+02   4.0000000e+01   7.4291300e+01
   5.1600000e+02   4.0000000e+01   7.4780059e+01
   5.1700000e+02   4.0000000e+01   7.4780059e+01
   5.1800000e+02   4.0000000e+01   7.4291300e+01
   5.1900000e+02   4.0000000e+01   7.4291300e+01
   5.2000000e+02   4.0000000e+01   7.4780059e+01
   5.2100000e+02   4.0000000e+01   7.4780059e+01
   5.2200000e+02   4.0000000e+01   7.4780059e+01
   5.2300000e+02   4.0000000e+01   7.4291300e+01
   5.2400000e+02   4.0000000e+01   7.4780059e+01
   5.2500000e+02   4.0000000e+01   7.4780059e+01
   5.2600000e+02   4.0000000e+01   7.4780059e+01
   5.2700000e+02   4.0000000e+01   7.4291300e+01
   5.2800000e+02   4.0000000e+01   7.5268817e+01
   5.2900000e+02   4.0000000e+01   7.4291300e+01
   5.3000000e+02   4.0000000e+01   7.5757576e+01
   5.3100000e+02   4.0000000e+01   7.4780059e+01
   5.3200000e+02   4.0000000e+01   7.4780059e+01
   5.3300000e+02   4.0000000e+01   7.4780059e+01
   5.3400000e+02   4.0000000e+01   7.4780059e+01
   5.3500000e+02   4.0000000e+01   7.4780059e+01
   5.3600000e+02   4.0000000e+01   7.4780059e+01
   5.3700000e+02   4.0000000e+01   7.4291300e+01
   5.3800000e+02   4.0000000e+01   7.4291300e+01
   5.3900000e+02   4.0000000e+01   7.4291300e+01
   5.4000000e+02   4.0000000e+01   7.4780059e+01
   5.4100000e+02   4.0000000e+01   7.4291300e+01
   5.4200000e+02   4.0000000e+01   7.4780059e+01
   5.4300000e+02   4.0000000e+01   7.4780059e+01
   5.4400000e+02   4.0000000e+01   7.4291300e+01
   5.4500000e+02   4.0000000e+01   7.4780059e+01
   5.4600000e+02   4.0000000e+01   7.5268817e+01
   5.4700000e+02   4.0000000e+01   7.4780059e+01
   5.4800000e+02   4.0000000e+01   7.4780059e+01
   5.4900000e+02   4.0000000e+01   7.5268817e+01
   5.5000000e+02   4.0000000e+01   7.4780059e+01
   5.5100000e+02   4.0000000e+01   7.5268817e+01
   5.5200000e+02   4.0000000e+01   7.5268817e+01
   5.5300000e+02   4.0000000e+01   7.4780059e+01
   5.5400000e+02   4.0000000e+01   7.5268817e+01
   5.5500000e+02   4.0000000e+01   7.5757576e+01
   5.5600000e+02   4.0000000e+01   7.5757576e+01
   5.5700000e+02   4.0000000e+01   7.5268817e+01
   5.5800000e+02   4.0000000e+01   7.5757576e+01
   5.5900000e+02   4.0000000e+01   7.5268817e+01
   5.6000000e+02   4.0000000e+01   7.5268817e+01
   5.6100000e+02   4.0000000e+01   7.5757576e+01
   5.6200000e+02   4.0000000e+01   7.5268817e+01
   5.6300000e+02   4.0000000e+01   7.5757576e+01
   5.6400000e+02   4.0000000e+01   7.5268817e+01
   5.6500000e+02   4.0000000e+01   7.5268817e+01
   5.6600000e+02   4.0000000e+01   7.5268817e+01
   5.6700000e+02   4.0000000e+01   7.5757576e+01
   5.6800000e+02   4.0000000e+01   7.5268817e+01
   5.6900000e+02   4.0000000e+01   7.5268817e+01
   5.7000000e+02   4.0000000e+01   7.5268817e+01
   5.7100000e+02   4.0000000e+01   7.5268817e+01
   5.7200000e+02   4.0000000e+01   7.5268817e+01
   5.7300000e+02   4.0000000e+01   7.5268817e+01
   5.7400000e+02   4.0000000e+01   7.5268817e+01
   5.7500000e+02   4.0000000e+01   7.5268817e+01
   5.7600000e+02   4.0000000e+01   7.5757576e+01
   5.7700000e+02   4.0000000e+01   7.5268817e+01
   5.7800000e+02   4.0000000e+01   7.5757576e+01
   5.7900000e+02   4.0000000e+01   7.5757576e+01
   5.8000000e+02   4.0000000e+01   7.5268817e+01
   5.8100000e+02   4.0000000e+01   7.4780059e+01
   5.8200000e+02   4.0000000e+01   7.4780059e+01
   5.8300000e+02   4.0000000e+01   7.5268817e+01
   5.8400000e+02   4.0000000e+01   7.5268817e+01
   5.8500000e+02   4.0000000e+01   7.4291300e+01
   5.8600000e+02   4.0000000e+01   7.4780059e+01
   5.8700000e+02   4.0000000e+01   7.5757576e+01
   5.8800000e+02   4.0000000e+01   7.5268817e+01
   5.8900000e+02   4.0000000e+01   7.5268817e+01
   5.9000000e+02   4.0000000e+01   7.5268817e+01
   5.9100000e+02   4.0000000e+01   7.5268817e+01
   5.9200000e+02   4.0000000e+01   7.4780059e+01
   5.9300000e+02   4.0000000e+01   7.5268817e+01
   5.9400000e+02   4.0000000e+01   7.5268817e+01
   5.9500000e+02   4.0000000e+01   7.5268817e+01
   5.9600000e+02   4.0000000e+01   7.4291300e+01
   5.9700000e+02   4.0000000e+01   7.4780059e+01
   5.9800000e+02   4.0000000e+01   7.4780059e+01
   5.9900000e+02   4.0000000e+01   7.4780059e+01
   6.0000000e+02   4.0000000e+01   7.4780059e+01
